###### Camera Calibration File For Cam 0 ######
image_width: 640
image_height: 480
camera_name: cam0
camera_matrix:
  rows: 3
  cols: 3
  data: [ 566.8943529201453, 0.0, 322.10094802162763,0.0,  567.7699123433893, 242.8149724252196, 0.0, 0.0, 1.0 ]
distortion_model: equidistant
distortion_coefficients:
  rows: 1
  cols: 5
  data: [0.34335929690001, 1.0316614502446646, -4.510222075962194, 6.061046264126107]
