image_width: 960
image_height: 540
camera_name: cam0
camera_matrix:
  rows: 3
  cols: 3
  data: [ 673.6307146089989, 0.0, 493.34753967447654,0.0,  675.5174505038476, 276.30009943318834, 0.0, 0.0, 1.0]
distortion_model: equidistant
distortion_coefficients:
  rows: 6
  cols: 6
  data: [0.4482658278689792, 0.18265237470196058, -1.8509752218094921, 2.9885080271435367]
